e17c41566caab9291a9869cf29b5944e1982277600dc83aea2166c457a2a2cc8 9 9 282 8
1c6af7d8d41b4016e9af5087f891a8204f0b314ad42a52e685f3a438154541dd 6 5 5 4
cecd47430fb5bee49bb2bb49a416fe5d347403dfc3d46a34a237405a23621717 118 46 470 233
d44b3e5efcbb0c4ef4f5846ff52b0e0a5f4daf55a2572904994fac68a0a7b060 29 29 449 94
af4d33f2f650313109281853a2ddb179bbb3cfcbdc4a9bd379069635d3b2e07e 26 26 1049 458
8ac7b5997ecbeb16924ad4710668d1890177b1c3e2854d37042bc43e4a1aaf1c 8 8 243 78
500bce9fd92b4210b7dfc0111b238ca131511b4bf2a72ef9259422f8af427133 124 78 2138 733
d05532af26fd0d6e411dfd450605f7b756f08ea58fee88d2fafe71d7eda49683 4 4 383 9
3491499173f4aae7d29591d27afac4b3a92e940e61f2adec3bd9e51e7108956e 6 6 99 7
13d3446e78a2aa5ecb96f04a0bdc858e6a0ba85f0523a5285a02d00105ec5bca 678 250 181826 9263
fba3ec436939dc519fc33782284e95fa2a3f07a383928829dc8d11465568b029 49 49 975 366
345bf5058fcdacba0c91c0bf821a245fd488697fc1b695b146312ed9223311f3 12 12 35339 42
b358e7eea6e8eb4759c228a6df62dde656be57c399ebf2d1e3dbcfce60f0f261 4 4 25 11
15dcc3e6048bc687f5c3cd3fd912fa87e8a09ce7a9d195f4c1cce6218fc43c0d 8 8 382 40
d3556d8bbe7095a935aa536392055d7134c480e499e976c59605d36e902bfa71 12 9 1993 2
22477a6116015bbbf5309e93176a53bbcb90b193576e8523e936eb307e37ec73 156 85 34807 26102
9c1222a272f5c2e16b5fba9ee6d35bc1eb46c42b93b5a86a00dabb44d39a3312 2 2 57 0
5bfcdba07b79e58abbba225031226b2654d7411dcf8e543396902fbec1f88347 2 2 197 0
c6da2dc267c11b121f5724478193beee009a0f86fd9e3a5221c331286531661b 3 1 6 3118
16216d07320b74eca71d7877e7f0696b94e6620ecc53ed1c40bd5883eb42e9db 61 30 3453 2245
c77c826fa65c356f0ed3fe3bc12c0bcfb74d75be8a9ccb84d4339c5229c2b3ee 5 0 0 0
1ae0df0ffbdf34a49a690bc597299e873372fd8ac3f98312a13827975ff74cd3 96 96 932 526
3ea7368ff903bf9026a5b42bb643f90dc013b23781dfaa09a331a3fd0e8c02f7 29 29 2486 244
a25e85061e45b2b224f06967480aaf207138f74d5c1930e0bff1fd54f8c95363 44 3 75 59
a86e368fd474fc267c5f8a1480a92a97f491e6c9bbb0bbfd539420da918c5f10 1 0 0 0
dd756f3ca82a9360ac769e549d1b560edefb0a756399115eb33b7929fbfcbceb 106 29 993 1082
0dce26b8403bd85d151be3822a13b0959c704a03835578de492a84a14e2bc88b 4 4 303 24
417ee12041ddb6edb06de4514d02d03c43546c6fb03bfb4a98b2c5a697313bee 3 3 769 1
590df6e0fc6670164e27fa997866a242136a00be3021078a142c4afeab56401d 2 2 8586 77
989301a857b3d8943edaebde0ad006d7fae2e3dbbc54d08dceb5d292a5df3b8d 174 174 178 63
039c135ef9adea456e09184f89c9f52474cbef05e8e9f91ce1e9b81f1564cfde 14 14 1454 18
138f32af0cdbe96389917174a5bb75b52f844ea815a6d699cbcaa29de46e04b4 9 9 39 25
9ce9be3091307cec19fe200cb1f80b20ae44d5d39d531beb79ef312b5861c96f 15 15 1014 8
8006c5869944a1eb1883af3aee3ecca175422b020b695b90b15793448efbb6dd 6 6 1029 3
4dcc2e4635aed49f0cd7569be4c6091919436f7e5020a228b84f0ca8e61e6dd0 8 5 110 30
a88deb1eb40934db80f18fdab6b800d3e485fb0afc4948e35eecac58d774d57d 141 33 2046 4039
6af827c05705dbf56f9b9529fc661f346580229ac6e7200bad778341cd3a5e77 2 2 669 0
3fa6a218c833d5c8653bcd6346e754f3f76f8a540063797c6063a1f9bb9dd4a6 4 4 43 2
9a03a14b4eb30485c8b5a5688d8916d55acb32adea6b3489d6e140672d9e1578 19 19 1717 173
2130e39d1b57cb55cfb7aa22a11b806feb873e3dda86cda93a129239f1845bc9 51 51 7190 425
5e176de11c85ece1496091da2ed1e2391096c6d9b33954bfb76cec94a7f89df3 4 4 679 0
7d99938f2da71c9ae2d655365e42f1c652fc044ed5815b51e01eab1fbe22fc28 3 3 66 0
1b8b04d6d50b1e0e4b608b4f16f88e8cd1c46897e439b494b02f7aea40169c7f 1 1 23 0
24085bed6b4607dafa2d23293f1d2ef14acc70cf937bffa3fe144a5571b40c82 3 3 337 3
1d6dd91417fb1c78a548096cabfd05fcbb77ac632a5dbdc42a4f4afa6018de13 5 5 90 1
200280d2ae126ebab3c463cb3fd3d7e60d0d917a90f4f0d4179825355a8d7641 4 4 341 6
efc68cb669bad83b8ed53f961e558c9d739b60a9fae46d5b2bcc25ae2014b149 5 5 1183 37
812dba224dfe37e6eb923cb62ceb3b81259ce832d848bc13fcfd6b85b2cbb812 0 0 0 0
3d6931d40ebaab23a202161c16a07cec7fda13ba8b794cdc99ad3f47a1b6f9b9 2 2 59 0
d79e8f88f80aa7dcf8cd04ec1be22265d3e035da5f3c398ee35de5d0fdf2b5df 38 6 533 54
e29c97d4ae117cc89683ca8d5282833d81813d48b25e973d42635583bfabe9a2 25 25 4340 166
033f175881e685a8077a308b334c8004aeac7ad7dcb3957a5cab5effb44eab1f 6 6 403 31
f0eb9be1de420c380ad3044e7cd22b5d3103b25ad545c4cb451401b5f0bbd170 13 5 54 17
6e70e203038f8bcd6c528831f361d1d16fccd798100b266b571038d5528b40d7 0 0 0 0
99a82aa5c3751e9ca2d6f5746047c915c81a88d6850a9f0bfee332cde6fb424b 182 136 41688 10907
3c5e49ecc807b8dd37de391f6d0a336f70c8555e60eee25e1316644af99d4c57 4 4 56 9
b4d67a4bf9675e6a1363d0fdd45133d8ba255a204a32a07004b0ddde99afa9dc 1 1 1 0
